35.0413
91.8500
4.0695
88.5064
65.9501
37.0009
80.3621
67.2685
11.9137
71.5820
20.3503
1.6497
18.5476
93.2484
87.4711
3.1706
89.1742
96.9575
15.6017
63.1927
11.3438
88.1176
89.9848
7.4472
9.1176
60.4526
40.8443
63.1724
39.2845
60.8979
77.3542
67.7034
73.6230
74.7437
69.6091
43.6854
39.4808
5.2700
23.9728
53.1070
8.8508
75.8195
40.4279
96.0819
49.6521
11.1064
31.4020
67.5082
21.7534
91.3956
40.5962
82.3248
62.5870
40.9046
70.3237
55.3143
7.9698
46.3334
21.9716
98.8030
31.9228
45.4669
14.1541
49.1954
41.0454
45.1149
33.6213
99.5715
36.5724
16.9345
84.2030
96.1167
67.6987
88.0490
89.6986
8.2462
1.4946
88.9657
92.1362
81.3104
78.2680
93.8697
57.0624
68.4061
56.5237
46.5085
53.9557
63.0733
23.5259
64.3702
27.5426
66.8271
27.7250
5.0792
72.7825
46.4055
21.1492
90.7584
34.4437
73.9245
79.1945
3.1672
56.2743
65.1250
40.9445
-1
